image_width: 720
image_height: 540
camera_name: cam0
camera_matrix:
  rows: 3
  cols: 3
  data: [589.31512494, 0.0, 368.62984678, 0.0, 589.48224491, 266.80487154, 0.0, 0.0, 1.0]
distortion_model: equidistant # for ROVIO
distortion_coefficients:
  rows: 1
  cols: 4
  data: [-0.01266928, -0.05457771,  0.12376519, -0.10905346]
rectification_matrix:
  rows: 3
  cols: 3
  data: [1.000000, 0.000000, 0.000000, 0.000000, 1.000000, 0.000000, 0.000000, 0.000000, 1.000000]
projection_matrix:
  rows: 3
  cols: 4
  data: [545.274273,0.000000,370.473852, 0.0 ,0.000000,545.428903,266.419781, 0.0 ,0.000000,0.000000,1.000000, 0.0 ]