image_width: 1440
image_height: 1080
camera_name: cam_front
camera_matrix:
  rows: 3
  cols: 3
  data: [691.145659492411, 0.0, 716.2047407756927, 0.0, 690.9547836776351, 544.058250985693, 0.0, 0.0, 1.0]
distortion_model: equidistant
distortion_coefficients:
  rows: 1
  cols: 4
  data: [-0.03707321001795522, -0.0023813890494599334, -0.0007960309450442164, 0.00024843756055811816]
